626
827
259
-472
922
-284
-604
193
430
-992
591
-469
444
574
-461
880
-226
250
-755
-118
353
-794
-399
-186
935
-525
831
-57
0
-201
633
694
-539
742
407
207
25
201
214
-152
-646
7
-463
930
-435
953
-412
-257
480
475
334
-398
299
-846
732
202
920
-699
487
-490
-841
-344
584
-372
-952
-905
-915
93
-304
-182
799
887
-692
275
103
215
814
-570
881
-745
204
831
699
657
601
-389
-545
813
385
-787
772
691
-528
-147
-549
26
-718
-965
429
745
321
174
695
565
21
762
-400
-341
-748
440
-795
-112
893
178
-107
-368
96
572
407
121
970
-659
806
304
-444
-451
-271
403
375
134
274
-985
-533
-451
-556
466
302
-276
-509
384
221
-963
-981
439
236
-848
-234
-867
508
-169
-978
-380
812
428
-610
-724
-228
280
-675
533
-741
-800
-494
454
269
480
-220
257
-753
-27
187
936
155
156
-34
-408
-442
-508
131
443
936
391
936
-66
-785
-819
884
-137
454
459
-391
-717
-10
867
923
766
-256
285
379
-387
