-361
263
229
-188
19
-839
964
929
-248
906
-56
125
115
-679
-163
-31
955
894
-425
923
-392
-430
287
358
-84
783
476
-265
509
-652
-782
-359
528
-142
168
512
893
-240
-955
-559
-834
-806
-290
568
-973
-680
-784
-766
208
851
-363
133
857
749
719
-574
535
975
511
-968
80
164
232
-258
647
937
145
-858
19
-708
472
599
956
-641
-724
469
899
-939
-966
215
-751
138
-546
-161
82
531
-701
-611
-894
-693
836
-434
-427
-144
425
398
700
403
959
-710
143
126
566
-928
-91
-635
-777
12
55
-324
-556
-127
-963
317
-519
-934
-464
-87
126
-495
914
-246
708
-25
-520
-182
-300
-251
-536
-64
-405
-12
670
-201
656
-739
-312
-450
93
799
-341
-964
-851
-811
-229
-263
-982
-836
-872
-340
-135
173
-676
503
125
-949
445
-1
-761
-166
616
-48
427
-720
595
-459
-944
611
-203
-533
-264
802
585
-856
-6
758
255
216
-256
-921
-322
-25
-180
355
-325
278
743
-643
2
-48
-584
-167
84
937
-261
-171
391
-732
50
-348
