231
-673
950
624
-155
-660
-366
-100
280
-743
-1000
146
-86
-985
284
-939
-815
-416
336
-895
549
211
133
-607
881
-445
-79
-633
-970
-847
-811
71
-212
-38
79
-966
340
-153
248
945
-731
-236
-450
-942
-600
-614
258
197
-278
683
-716
-462
629
-697
-319
-542
531
593
-284
-863
896
643
-709
17
886
238
268
-728
-260
675
112
919
-963
-119
-929
721
-77
800
992
972
-582
-48
334
810
474
-681
225
397
728
147
496
726
-891
377
783
-765
843
410
616
-172
512
-403
-309
-766
379
-730
458
-551
-373
703
-146
-260
352
726
-455
411
-199
9
424
492
975
-395
-445
-433
110
782
-973
-712
689
-279
-427
-484
760
947
-798
156
166
-205
648
502
-568
-26
527
151
-316
-574
870
270
-341
-431
645
238
185
-912
913
-655
-705
832
-557
-829
696
791
-527
-938
521
-554
869
-553
36
-116
-431
-607
595
-20
-133
-889
624
685
573
-248
-939
-614
649
781
373
-388
857
910
613
-640
-404
851
869
494
432
-617
74
143
-328
-873
