-126
960
-247
997
896
-740
468
-794
-479
-540
-778
840
952
-206
341
272
629
-595
-182
-838
-491
-235
548
-536
-797
-566
807
508
478
-996
-157
120
-68
361
-672
-30
183
-319
-718
-538
-442
255
-359
-101
28
-979
-482
218
310
783
-281
79
66
110
-902
675
-229
857
-764
-78
822
-130
-964
368
-141
-471
645
384
207
841
-516
-260
601
613
-898
368
302
28
197
-62
-221
480
-290
-602
-942
-610
-567
-638
124
255
129
-502
-427
-779
254
477
-9
-311
496
-728
-532
-75
370
253
199
-572
-328
928
197
-992
446
-605
-410
-817
-804
634
-73
-216
170
417
729
-531
-334
-785
660
-768
794
-798
781
-657
-224
134
-751
-442
-784
982
193
-222
436
993
-161
775
795
-458
50
-169
-761
914
-994
817
87
-543
86
201
-542
-787
-376
480
806
-968
-260
566
483
744
-84
320
562
-998
-732
160
-484
-8
-355
915
205
337
-699
-610
576
-323
-209
-425
519
177
-304
-536
802
151
-20
-511
28
-673
-7
-515
678
619
812
-506
587
-425
