381
-413
129
582
561
830
-521
-236
-756
688
-370
-519
-572
-714
215
433
735
276
449
50
7
-986
189
462
134
-329
-921
-362
581
115
251
269
15
388
-558
-417
-629
379
-647
-150
697
585
-696
-429
889
205
-453
-397
-825
724
-592
196
717
16
-381
-324
586
-904
787
518
-908
-133
-471
-306
-406
-6
809
811
-515
-307
-277
154
149
978
35
452
321
377
266
174
227
512
496
281
-406
-955
922
-832
287
148
546
773
-95
820
563
-775
105
-459
29
-570
-178
-431
851
603
596
-524
-623
578
769
-145
-638
777
903
905
10
79
363
-266
-563
197
883
-667
240
-394
343
-313
679
607
662
-873
-853
763
-832
-89
746
643
-461
-641
-71
934
-328
242
843
27
209
-204
82
264
505
-300
53
-475
-571
-798
354
-938
427
512
99
-307
-24
543
480
-652
-411
-13
-835
-681
-967
863
-107
848
-929
787
526
311
-766
78
659
652
-850
984
-325
770
-958
678
60
-369
-739
178
-340
-72
839
-436
46
-876
-650
262
-762
-243
