446
649
904
-855
138
-563
643
89
-840
-88
76
955
-597
-595
-729
-497
-113
920
306
-45
-703
476
288
-922
-896
292
-392
-803
169
423
-472
-750
-913
56
532
-176
473
-206
-685
573
751
-342
-544
253
130
518
779
591
419
9
-818
-562
-861
-111
-993
507
-604
932
450
411
-66
-296
-212
-585
-840
-802
-959
240
830
-152
-968
-341
-419
-552
-346
-877
-851
58
535
558
-331
386
-155
713
-621
637
205
255
-815
-630
150
324
-158
189
-685
-910
49
-103
773
-219
862
52
-257
-90
476
-199
92
-279
-361
-874
-799
212
-449
-481
604
542
920
748
-677
842
121
472
970
-938
709
-50
197
799
197
953
582
-714
759
-419
-308
61
-17
-608
-807
883
961
-21
-101
-731
-33
-840
658
-68
-463
290
-162
946
-20
167
529
288
-439
633
-911
-552
-426
740
-309
-388
720
48
-620
-707
363
612
776
693
-267
514
513
962
671
-67
11
877
-99
-656
568
-854
830
-187
-368
-398
562
-126
340
-379
-880
161
-70
-802
-895
-171
46
621
