-322
-198
-172
144
474
800
129
-637
19
946
123
222
598
247
444
335
-703
-867
644
-440
-451
547
-779
-815
-596
-555
-203
-579
-219
550
624
-778
-171
938
343
207
-452
-308
242
625
825
-44
304
-562
-859
-243
-209
-882
-100
-679
-500
-342
-362
885
408
320
543
-59
854
-12
-836
-894
-883
-218
680
-407
-794
800
967
-10
751
-473
31
883
1000
-908
353
-367
-805
-54
-114
-601
-314
379
-839
-171
-861
-628
398
837
-133
346
-479
-852
-362
936
-583
798
967
-896
827
-143
-957
87
112
-714
678
-179
176
150
-745
-941
-473
372
-590
-521
456
-488
-701
-81
-391
764
-185
436
102
-544
-538
-702
-57
625
-748
537
-785
-340
735
25
-358
-766
198
345
-710
227
-631
-427
473
-42
-787
-373
388
614
-712
940
50
-473
-453
55
196
920
-953
-974
731
388
557
-302
363
797
-761
671
911
-668
328
570
779
58
-500
-728
576
696
867
-71
-476
-343
-602
777
-729
-559
279
735
-689
773
258
496
985
723
49
268
-852
-10
558
-477
