458
382
-423
-570
346
-198
119
227
808
966
-118
-349
-497
-856
485
-855
391
56
989
-116
518
924
841
-983
-581
-502
-757
-451
-543
-686
-332
888
-227
551
666
-183
-935
-520
-979
-840
-680
-84
-923
839
832
-173
-886
359
-241
-310
569
832
-799
611
-248
82
814
-479
-487
946
-339
880
-127
293
725
495
-873
-401
19
535
681
19
-9
355
331
196
562
474
379
-112
-189
514
32
-877
155
-130
-339
-10
-237
-757
-980
315
-282
711
-297
380
-831
656
310
-608
-170
-381
336
-900
-485
-49
-735
49
-42
-798
-124
-219
860
-226
995
706
368
59
613
-75
-252
326
954
-592
796
-589
-743
242
714
149
-282
-349
-176
-720
388
-269
381
-122
-909
-116
189
-910
633
-134
998
-232
-285
607
-853
164
157
-912
-406
-296
474
-240
596
-403
-147
-784
-429
-371
36
-170
326
0
-653
-36
584
162
608
871
-155
-553
-769
264
-178
-190
986
-401
992
150
-601
-790
541
-726
422
691
-720
-132
731
-701
-517
-158
-861
976
-204
544
-745
765
