-688
-234
-164
834
-312
-408
854
-745
-547
625
-769
911
-384
282
918
827
466
-575
930
-318
-365
230
-77
-511
779
901
251
-384
957
-265
658
460
-834
539
382
-684
830
891
-168
-101
-891
353
-361
-405
-401
-999
160
795
61
-909
-294
-350
103
615
100
611
915
-738
927
350
739
-492
504
-977
860
-54
403
764
493
-446
85
861
908
811
561
885
903
487
777
-298
-185
-205
762
829
-848
385
788
-292
261
-543
24
-314
720
855
-804
-879
523
-905
851
393
286
592
-636
821
451
-141
-949
-143
230
-576
-716
573
-910
56
-615
-711
736
-288
403
345
699
80
-199
-33
-371
647
-758
288
644
881
68
693
381
560
737
362
-600
227
-934
-563
-594
621
-328
361
-28
-250
-894
790
-616
509
-329
-329
-815
889
-644
-633
812
-617
808
451
148
627
332
543
-395
-811
-565
-536
-72
844
-622
-520
-781
387
-750
993
-227
-700
347
913
210
-433
-853
-324
486
914
909
-676
447
492
940
-290
741
206
-444
622
-190
363
-897
799
