665
18
221
218
643
-62
271
-331
246
19
-516
726
13
515
-96
348
763
-919
46
294
150
657
-497
-770
268
-871
-695
916
218
532
150
84
985
-407
6
383
-543
-645
395
-669
281
318
309
726
-428
-992
-666
252
-748
-664
618
-489
891
-138
815
68
-440
371
246
948
-328
-940
-433
580
-929
-927
419
-894
654
-383
409
-252
124
810
31
44
-731
-709
-162
-17
-372
-706
501
80
636
-960
679
-788
-401
-488
44
539
-301
36
486
671
-706
-342
894
-482
244
355
165
67
625
935
339
-430
441
-987
803
865
-74
113
879
-352
901
356
959
514
526
-324
920
222
197
-708
-594
450
-414
315
-566
978
-247
-281
782
-78
412
426
698
413
251
261
-295
-746
628
-174
822
517
836
-533
-241
470
173
-213
707
318
-755
-128
-455
-310
-939
77
453
-277
414
657
282
-744
-92
-504
830
-68
687
-378
-494
117
743
-601
-563
-985
-846
835
-977
-924
821
-893
-983
-411
62
-251
228
-760
-420
791
326
151
564
-358
-278
423
